4 4
0 F 0 1 0 2 A E C 0 0 0 0 0 0 0
0 6 3 G C 0 8 4 E F 1 0 2 0 0 0
E 0 9 7 B 3 F 0 0 0 0 0 0 0 0 0
4 D 2 C 0 0 0 0 6 0 0 0 0 F 0 0
0 0 0 0 E 1 B 7 3 5 A 0 0 8 0 C
3 G 0 0 2 4 0 0 0 E 7 D 0 0 5 F
B 0 5 0 0 0 0 0 0 9 4 0 0 6 0 0
0 0 0 0 D 0 G 5 F 0 0 C 0 0 0 0
0 0 0 0 9 0 1 C 0 8 3 A B 0 F 0
2 C 0 B 0 0 E 3 5 4 0 0 0 0 9 0
6 3 0 4 0 0 D 0 0 B 9 1 0 C G 2
0 0 A 9 0 0 0 0 0 0 C 0 8 0 6 7
C 8 0 0 G 0 0 A 0 D 0 0 0 5 0 0
5 0 0 0 3 0 4 6 0 1 F 0 0 0 0 0
0 9 1 6 0 E 0 B 0 0 2 0 0 0 A 8
0 E 0 0 0 D 9 0 4 C B 8 0 0 2 0